version https://git-lfs.github.com/spec/v1
oid sha256:74209318271e5071f2d8346d7841d7949fc16bf0c1057d02d2dcc98b1738303d
size 1167382
