version https://git-lfs.github.com/spec/v1
oid sha256:41757a0c86bb90027cca02c048dd2e0abab29990b129fd683e620b39c9ebac47
size 2209
